A1 = [1 1 1;1 1 1]
A2 = [2 2 2;2 2 2]
A3 = [3 3 3;3 3 3]

[A1 A2 A3]
[A1;A2;A3]

B1 = [1;1]
B2 = [2 2; 2 2]
B3 = [3 3 3;3 3 3]
[B1 B2]
[B1 B2 B3]
[B1 B2 B3 B1]
%[B1;B2;B3]

H = [1 2 3;4 5 6]
G = H'
H
X = [1; 3; 5; 7]
X = X'
1:2:5
(1:2:5)'